K13 Verification up to 50,000,000
Primes: 93,457
K13 failures: 14
K10 failures: 67
Min working: 0
Avg working: 6.55

Distribution:
  0: 14
  1: 135
  2: 901
  3: 3147
  4: 7776
  5: 14298
  6: 19183
  7: 19958
  8: 14888
  9: 8532
  10: 3472
  11: 985
  12: 157
  13: 11

K10 failures:
[102769, 479761, 857809, 943009, 956881, 1358281, 1500409, 1560049, 1911121, 2256601, 3244369, 5511529, 6344209, 6898921, 8330401, 8411089, 9518161, 9872641, 10170169, 10592521, 11183041, 13097569, 13853569, 14414401, 14528641, 15089089, 15160681, 15259609, 18963961, 19684729, 22605361, 22825609, 23161009, 24966481, 29044849, 30573481, 30619801, 31411129, 31924489, 32535721, 32777761, 34103161, 35241529, 36376369, 36851929, 36869281, 37228801, 37808401, 39384361, 39516649, 40786201, 41203009, 41875849, 42006721, 42687121, 44455681, 45055921, 45575401, 45617881, 46936849, 47253049, 47377969, 47585281, 48253921, 48991849, 49408129, 49632529]

Hard cases:
[(1129, 2), (2521, 2), (3361, 2), (3529, 2), (4201, 2), (59929, 2), (61681, 2), (66529, 2), (67369, 2), (87481, 1), (102769, 1), (118801, 2), (167521, 1), (173209, 2), (181729, 2), (196561, 1), (201769, 2), (210169, 1), (210961, 1), (231961, 2), (255649, 2), (293329, 2), (298369, 2), (320401, 2), (339049, 2), (342241, 2), (386401, 2), (388369, 2), (430081, 2), (454969, 2), (463849, 2), (479761, 1), (499801, 1), (514201, 2), (515761, 1), (517609, 2), (530209, 2), (546289, 2), (565849, 2), (567961, 2), (571321, 2), (619921, 2), (624961, 2), (629281, 1), (645481, 1), (650329, 2), (667921, 2), (670849, 2), (684289, 2), (691681, 2), (695689, 2), (723529, 2), (728809, 2), (752929, 2), (771961, 2), (776449, 2), (781369, 2), (784249, 2), (786241, 2), (828361, 2), (830041, 2), (857809, 1), (902521, 1), (940801, 1), (943009, 1), (944161, 2), (956881, 1), (957889, 2), (979969, 2), (991201, 2), (1005481, 2), (1051009, 2), (1063969, 2), (1070689, 2), (1113961, 1), (1139041, 2), (1151089, 2), (1201729, 2), (1232401, 2), (1282009, 2), (1299601, 2), (1304209, 2), (1326529, 2), (1358281, 1), (1406689, 2), (1447609, 2), (1500409, 1), (1506649, 2), (1522249, 2), (1560049, 2), (1581889, 2), (1726201, 2), (1730089, 2), (1748041, 2), (1779649, 2), (1821121, 1), (1888441, 2), (1911121, 1), (1936489, 2), (1977529, 2), (2006929, 2), (2080849, 2), (2100121, 2), (2164801, 2), (2188729, 1), (2246689, 2), (2264161, 2), (2293729, 2), (2315161, 2), (2380249, 2), (2397529, 2), (2441209, 2), (2451289, 1), (2578801, 2), (2602681, 2), (2636929, 2), (2659801, 2), (2694049, 2), (2710009, 2), (2720881, 2), (2763601, 2), (2787409, 2), (2812441, 2), (2828809, 2), (2834329, 2), (2835121, 2), (2853601, 2), (2864689, 2), (2944561, 2), (3041809, 2), (3072001, 2), (3115561, 2), (3121561, 2), (3160369, 2), (3166321, 2), (3192289, 2), (3244369, 2), (3317689, 1), (3431401, 2), (3434929, 2), (3439801, 2), (3479569, 2), (3502489, 2), (3505321, 2), (3523969, 2), (3550009, 2), (3563569, 2), (3571681, 1), (3587809, 2), (3613009, 2), (3650929, 2), (3681001, 2), (3691801, 2), (3768241, 1), (3830401, 2), (3848881, 2), (3871921, 1), (3928681, 1), (3954889, 2), (3962641, 2), (4019689, 2), (4094281, 1), (4138969, 2), (4173241, 2), (4182049, 2), (4217929, 2), (4253209, 2), (4257289, 2), (4271401, 2), (4300081, 2), (4325161, 2), (4333081, 2), (4353001, 2), (4484089, 2), (4498729, 2), (4504369, 1), (4511329, 2), (4566241, 2), (4612609, 2), (4617001, 2), (4647889, 2), (4725169, 2), (4738561, 2), (4740649, 2), (4798609, 2), (4829449, 2), (4839409, 2), (4867801, 2), (4962049, 2), (4993129, 2), (5031601, 1), (5071609, 2), (5165689, 2), (5170201, 1), (5241289, 2), (5265649, 2), (5287801, 2), (5348281, 2), (5371081, 2), (5390449, 2), (5398969, 2), (5422369, 2), (5440009, 2), (5449201, 2), (5462209, 2), (5511529, 2), (5530849, 2), (5583841, 2), (5596369, 2), (5675401, 2), (5685241, 2), (5705569, 1), (5727409, 2), (5738329, 2), (5807209, 2), (5814481, 2), (5829961, 2), (5831401, 2), (5920489, 2), (5923369, 2), (5942689, 1), (5943961, 1), (5956129, 2), (5978449, 2), (6009481, 2), (6013561, 1), (6043489, 2), (6084961, 2), (6106081, 2), (6156049, 2), (6294289, 2), (6294649, 1), (6316249, 2), (6344209, 2), (6346201, 2), (6381481, 2), (6398569, 2), (6543769, 2), (6569161, 1), (6569929, 2), (6583201, 2), (6593689, 2), (6690601, 2), (6768721, 2), (6800161, 2), (6804361, 1), (6810409, 2), (6833401, 2), (6879049, 2), (6884641, 2), (6898921, 2), (6904129, 2), (6912361, 2), (6935329, 2), (6947329, 2), (7022569, 2), (7051249, 2), (7124569, 2), (7174441, 2), (7183201, 2), (7204201, 2), (7205641, 2), (7231849, 2), (7239289, 2), (7257721, 2), (7291489, 2), (7414801, 2), (7466209, 2), (7484401, 1), (7498009, 2), (7559161, 2), (7561009, 2), (7586401, 2), (7636561, 1), (7708009, 2), (7711201, 1), (7719121, 2), (7719721, 2), (7728361, 2), (7864201, 2), (7976809, 2), (8009929, 1), (8040481, 2), (8191129, 2), (8205121, 2), (8221249, 2), (8238169, 2), (8249089, 2), (8254801, 2), (8277361, 2), (8282569, 2), (8330401, 1), (8338009, 1), (8411089, 2), (8429689, 2), (8525689, 2), (8529049, 2), (8541289, 2), (8561569, 2), (8580289, 2), (8608609, 2), (8633641, 2), (8656561, 2), (8752129, 2), (8803369, 1), (8829241, 2), (8925841, 2), (8926681, 2), (8984641, 2), (8987161, 2), (9047089, 2), (9096481, 1), (9177169, 2), (9185401, 2), (9218161, 2), (9279169, 2), (9367681, 2), (9432361, 2), (9461929, 2), (9486481, 2), (9500089, 2), (9518161, 1), (9528289, 2), (9576121, 2), (9592489, 2), (9666409, 2), (9770569, 2), (9777769, 2), (9841441, 1), (9872641, 2), (9900529, 2), (9928081, 2), (9935641, 2), (9941089, 2), (9987961, 2), (10048249, 2), (10051441, 2), (10126561, 2), (10163521, 1), (10169569, 2), (10170169, 0), (10276249, 2), (10319761, 1), (10353121, 2), (10362529, 2), (10390249, 2), (10415161, 2), (10430281, 2), (10520449, 2), (10572409, 2), (10592521, 1), (10607809, 2), (10696849, 2), (10735729, 2), (10753681, 2), (10765129, 2), (10783081, 1), (10834849, 2), (10857289, 2), (10866409, 1), (10875769, 2), (10890049, 2), (10996441, 2), (11007481, 2), (11054401, 2), (11055529, 2), (11182609, 2), (11183041, 0), (11205769, 2), (11219209, 2), (11518609, 2), (11531041, 2), (11712409, 2), (11783809, 1), (11802361, 2), (11805889, 2), (11848489, 2), (11859961, 1), (11929129, 1), (11940601, 2), (11946769, 2), (12023929, 2), (12059161, 2), (12077209, 2), (12134329, 2), (12261649, 2), (12284281, 2), (12426481, 1), (12542401, 2), (12628009, 2), (12657121, 2), (12714241, 2), (12758929, 2), (12770209, 2), (12918721, 2), (13097569, 1), (13111849, 2), (13167169, 2), (13167961, 2), (13177609, 2), (13181809, 2), (13221289, 2), (13223401, 2), (13234369, 2), (13292329, 2), (13294681, 2), (13404889, 2), (13426009, 2), (13531849, 2), (13584481, 2), (13585609, 2), (13614049, 2), (13725889, 2), (13730161, 1), (13749961, 2), (13805089, 2), (13823041, 2), (13823209, 2), (13853569, 2), (13903849, 2), (13950169, 2), (13960489, 2), (13976881, 2), (14012161, 2), (14017249, 2), (14137369, 2), (14139841, 2), (14318329, 2), (14414401, 1), (14464129, 2), (14528641, 2), (14608441, 2), (14667409, 2), (14670769, 2), (14683321, 2), (14722009, 2), (14722681, 2), (14765521, 2), (14872729, 2), (14906761, 2), (15052801, 1), (15082489, 2), (15089089, 1), (15110761, 2), (15204289, 2), (15223609, 2), (15259609, 1), (15308329, 2), (15321601, 2), (15333481, 2), (15351529, 2), (15353809, 2), (15364969, 2), (15373009, 2), (15430321, 1), (15541969, 2), (15561289, 2), (15572041, 2), (15597409, 2), (15645361, 2), (15691729, 2), (15797161, 2), (15805729, 2), (15934249, 2), (15940369, 2), (15950449, 2), (16002529, 1), (16043329, 2), (16063609, 2), (16089529, 2), (16102969, 2), (16163449, 2), (16207921, 2), (16228249, 2), (16267729, 2), (16282921, 2), (16337161, 1), (16337281, 1), (16343881, 2), (16346689, 2), (16371769, 2), (16644769, 2), (16702849, 2), (16708129, 1), (16770601, 2), (16801849, 2), (16835809, 2), (16876729, 2), (16879801, 1), (17137129, 2), (17177161, 2), (17211049, 2), (17378089, 2), (17402641, 2), (17431969, 2), (17453881, 2), (17467321, 2), (17535961, 2), (17623321, 2), (17683681, 2), (17722609, 2), (17888809, 2), (17898169, 2), (17934121, 2), (17990449, 2), (17995609, 2), (18069529, 2), (18086041, 2), (18127201, 2), (18164161, 2), (18251689, 2), (18286921, 2), (18381889, 2), (18425521, 2), (18432649, 2), (18444169, 2), (18475081, 2), (18578401, 2), (18591169, 1), (18630049, 2), (18637921, 2), (18729481, 2), (18749641, 2), (18760009, 2), (18779041, 2), (18798649, 1), (18840721, 2), (18963961, 1), (19017769, 2), (19046281, 2), (19183921, 2), (19406521, 2), (19460809, 2), (19487329, 2), (19500121, 2), (19504489, 2), (19618369, 2), (19645369, 2), (19679521, 2), (19684729, 1), (19861801, 2), (19899889, 2), (20015689, 2), (20018881, 2), (20038321, 2), (20050969, 2), (20165401, 2), (20180449, 2), (20210401, 2), (20322481, 2), (20490649, 2), (20506249, 2), (20621329, 2), (20624041, 2), (20657569, 2), (20724001, 2), (20771521, 2), (20801089, 2), (20842441, 2), (20891809, 2), (20910121, 2), (21079081, 2), (21089209, 2), (21118969, 2), (21287449, 2), (21299041, 2), (21387601, 2), (21480001, 2), (21485809, 2), (21629689, 2), (21832441, 2), (21950041, 2), (21966961, 2), (22109929, 2), (22240201, 2), (22278169, 2), (22331929, 2), (22342849, 2), (22385521, 2), (22416769, 2), (22452049, 2), (22457569, 2), (22478569, 2), (22488769, 2), (22497049, 2), (22538569, 1), (22605361, 0), (22623241, 2), (22673401, 2), (22678489, 2), (22745809, 2), (22825609, 2), (22849009, 2), (22874569, 2), (22907161, 2), (23035321, 2), (23038681, 2), (23056849, 2), (23111929, 2), (23114569, 2), (23161009, 1), (23176129, 2), (23317849, 2), (23340769, 2), (23374129, 2), (23480521, 2), (23626201, 2), (23654569, 2), (23788801, 2), (23823361, 2), (23835529, 2), (23873809, 2), (23888041, 2), (23953609, 2), (23972089, 2), (24034921, 2), (24070369, 1), (24077881, 1), (24103489, 2), (24133201, 2), (24163441, 1), (24265609, 2), (24336841, 2), (24364201, 2), (24386881, 1), (24463321, 2), (24505009, 1), (24527449, 2), (24715441, 2), (24738289, 2), (24897601, 2), (24966481, 0), (24969961, 1), (24985921, 2), (25039081, 2), (25127041, 2), (25226041, 2), (25272241, 2), (25300081, 2), (25331329, 1), (25448329, 2), (25518529, 1), (25527049, 2), (25569769, 2), (25702609, 2), (25711729, 2), (25729201, 2), (25734361, 2), (25811881, 2), (25818409, 2), (25862929, 2), (25885729, 2), (25947601, 2), (25970569, 2), (26044489, 1), (26139481, 1), (26161801, 2), (26181409, 2), (26257729, 2), (26315689, 2), (26376289, 1), (26448241, 2), (26481361, 2), (26557129, 2), (26595529, 2), (26659249, 2), (26838289, 2), (26897929, 2), (26947561, 2), (26953249, 2), (26961169, 2), (26980801, 2), (27027289, 2), (27058201, 2), (27118249, 2), (27254761, 2), (27387889, 2), (27418441, 2), (27511969, 2), (27533521, 2), (27565729, 2), (27785521, 2), (27878761, 2), (27972169, 2), (28034449, 2), (28061881, 2), (28090969, 1), (28154569, 2), (28195729, 2), (28311529, 2), (28319281, 2), (28556089, 2), (28633609, 1), (28655929, 2), (28909609, 2), (28914169, 2), (28924921, 2), (28959841, 2), (28998649, 2), (29012281, 2), (29108809, 2), (29108881, 2), (29209489, 2), (29220409, 2), (29228761, 1), (29274961, 2), (29361049, 1), (29375641, 2), (29462689, 2), (29588329, 2), (29615041, 2), (29670601, 2), (29716129, 2), (29799529, 2), (29802529, 2), (29846881, 2), (29972209, 2), (29993881, 1), (30014209, 2), (30050329, 2), (30155449, 2), (30166249, 2), (30170449, 2), (30277801, 1), (30383809, 2), (30418249, 2), (30511009, 2), (30529321, 1), (30573481, 0), (30596281, 2), (30619801, 0), (30632809, 2), (30663649, 1), (30696241, 2), (30731689, 2), (30760921, 2), (30762601, 1), (30788521, 1), (30892681, 2), (30936361, 2), (31155601, 2), (31201921, 2), (31249681, 2), (31253161, 2), (31336561, 2), (31364089, 2), (31411129, 2), (31485721, 2), (31530409, 2), (31744969, 1), (31799161, 1), (31825369, 2), (31842409, 2), (31911961, 2), (31924489, 1), (31999081, 2), (32093329, 2), (32312281, 2), (32349601, 2), (32383129, 2), (32407489, 2), (32410849, 2), (32455201, 2), (32535721, 1), (32544121, 2), (32567089, 2), (32664241, 2), (32666929, 2), (32673481, 1), (32710129, 2), (32794129, 2), (32805361, 2), (32823961, 2), (32846881, 2), (32860081, 2), (32860969, 2), (32947489, 2), (33011449, 2), (33089281, 2), (33147409, 2), (33206209, 2), (33232081, 2), (33250681, 2), (33430321, 2), (33502561, 2), (33637081, 2), (33732241, 2), (33777241, 2), (33801769, 2), (33807841, 2), (33858841, 2), (33999289, 2), (34103161, 0), (34220761, 2), (34295809, 2), (34361161, 2), (34530169, 2), (34554361, 2), (34659769, 2), (34767769, 2), (34866049, 2), (35002081, 2), (35035729, 1), (35073481, 2), (35153281, 2), (35188729, 2), (35217361, 2), (35241529, 0), (35272801, 2), (35287561, 2), (35319769, 1), (35325889, 2), (35364289, 1), (35400121, 2), (35472361, 2), (35588569, 1), (35704729, 2), (35730601, 2), (35741449, 2), (35753449, 2), (35812729, 2), (35840809, 2), (35938681, 2), (36006961, 2), (36034681, 2), (36040729, 2), (36094969, 2), (36277081, 2), (36342601, 2), (36351121, 2), (36376369, 2), (36387289, 2), (36449449, 2), (36498289, 2), (36513409, 2), (36516769, 2), (36645361, 2), (36689041, 1), (36740929, 2), (36760441, 2), (36804769, 2), (36851929, 0), (36869281, 0), (36972961, 2), (36979609, 2), (36998641, 2), (37019929, 2), (37073689, 2), (37097449, 2), (37117609, 2), (37209649, 2), (37228801, 0), (37265089, 2), (37274449, 2), (37275001, 2), (37279369, 2), (37335769, 2), (37362361, 2), (37394449, 2), (37468369, 2), (37500409, 2), (37517041, 1), (37542961, 2), (37557529, 2), (37727089, 2), (37728601, 2), (37767409, 2), (37808401, 1), (37836649, 2), (37893529, 2), (38042929, 2), (38118529, 2), (38127769, 2), (38314609, 2), (38365681, 2), (38403121, 2), (38421769, 2), (38571961, 2), (38628529, 2), (38792209, 2), (38843281, 2), (38848489, 2), (38969401, 2), (39156289, 2), (39181081, 2), (39207169, 2), (39226489, 2), (39334681, 2), (39369289, 2), (39384361, 1), (39456169, 2), (39491929, 2), (39516649, 2), (39542161, 2), (39606961, 2), (39696409, 2), (39793009, 2), (39895969, 2), (39903361, 2), (39962521, 2), (39989041, 2), (40007881, 2), (40150009, 2), (40185049, 2), (40209649, 2), (40238641, 1), (40293289, 2), (40343521, 2), (40399321, 2), (40608289, 2), (40786201, 1), (40846969, 2), (40988809, 2), (41081881, 1), (41173729, 2), (41203009, 1), (41478529, 2), (41515681, 2), (41532481, 2), (41678569, 2), (41739889, 2), (41740609, 2), (41751889, 1), (41769841, 2), (41770801, 2), (41809849, 1), (41875849, 2), (42004561, 2), (42172321, 2), (42273001, 2), (42279409, 2), (42332161, 2), (42382321, 2), (42574921, 2), (42631681, 2), (42687121, 1), (42727969, 1), (42770809, 2), (42872041, 2), (42872281, 2), (42873601, 2), (42950881, 2), (42995401, 2), (43027009, 2), (43036681, 2), (43130929, 2), (43154329, 1), (43157041, 2), (43188049, 2), (43191289, 2), (43371241, 2), (43457569, 2), (43577689, 2), (43595161, 1), (43631641, 2), (43643161, 2), (43691209, 2), (43771009, 2), (43817929, 2), (43827169, 2), (43833241, 2), (43925281, 2), (43993849, 2), (44004601, 2), (44082481, 2), (44084569, 2), (44301889, 2), (44302729, 2), (44378401, 2), (44389801, 2), (44410129, 2), (44455681, 1), (44465521, 2), (44498689, 2), (44783929, 2), (44868289, 1), (45004969, 1), (45055921, 1), (45151681, 2), (45197881, 2), (45230929, 2), (45236689, 2), (45296689, 2), (45424681, 2), (45497929, 2), (45575401, 0), (45617881, 1), (45749881, 1), (45764161, 2), (45813049, 2), (45856969, 2), (45912409, 2), (45950689, 2), (45964081, 2), (45988849, 2), (46217161, 2), (46221529, 2), (46383481, 1), (46415329, 2), (46512481, 2), (46571809, 2), (46639849, 2), (46759441, 2), (46804129, 2), (46859401, 2), (46936849, 0), (46951129, 2), (46984081, 2), (47067409, 1), (47110561, 2), (47171881, 2), (47227321, 2), (47253049, 2), (47270521, 2), (47351329, 1), (47377969, 2), (47403409, 2), (47405929, 2), (47502361, 1), (47509729, 2), (47527561, 2), (47585281, 1), (47593849, 2), (47644249, 2), (47764201, 2), (47914441, 1), (48152161, 2), (48161089, 2), (48253921, 2), (48307561, 2), (48332881, 2), (48380641, 2), (48502609, 2), (48714121, 2), (48753769, 2), (48767161, 2), (48784369, 2), (48825529, 1), (48835609, 2), (48991849, 0), (49033609, 2), (49060729, 2), (49070401, 2), (49408129, 1), (49491289, 2), (49541209, 2), (49632529, 1), (49638961, 2), (49718881, 2), (49746649, 2)]
